INDV	ADAPTIVE_HET	NEUTRAL_HET	OVERALL_HET
dip_bal_001	0.0219298245614035	0.0933242891865921	0.109820382663022
dip_bal_002	0.119914346895075	0.099064696441419	0.108003233629749
dip_bal_003	0.0106382978723404	0.0975541967759866	0.109100310237849
dip_bal_004	0.0066964285714286	0.0903390617742684	0.100749983407447
dip_bal_005	0.0302375809935205	0.0949370660947113	0.105984020870699
dip_bal_006	0.0391304347826087	0.0913068181818182	0.107536014111652
dip_bal_007	0.0182291666666666	0.0719078278549644	0.0830755300686637
dip_bal_009	0.0711111111111111	0.0920978150118873	0.10629074315515
dip_bal_010	0.0786026200873362	0.0926530378514574	0.106410172379891
dip_bal_011	0.00856531049250531	0.0994304042470829	0.108669622342319
dip_bal_012	0.0154525386313465	0.09375	0.105699073161112
dip_bal_013	0.01931330472103	0.0910530482977039	0.106957796969203
dip_bal_014	0.0148936170212766	0.095137538205057	0.104591090749586
dip_bal_015	0.0216919739696312	0.0821258805337609	0.0969858857670493
dip_bal_016	0.0423728813559322	0.0954555580307418	0.110033097540398
dip_bal_017	0.0421348314606742	0.0701433792521788	0.0805138203922469
dip_bal_018	0.0302325581395348	0.0823240196666267	0.0984912410976474
dip_bal_019	0.0234042553191489	0.0953043284744631	0.108633560532295
dip_bal_020	0.0393518518518519	0.085983578119579	0.106674141001121
dip_bal_021	0.015625	0.08859874096526	0.102310667415953
dip_bal_022	0.0131926121372031	0.0691798128798743	0.0803232293140687
dip_bal_023	0.107991360691145	0.0934714795008913	0.108340107299626
dip_bal_024	0.0356347438752784	0.0844566873754542	0.100934455563656
dip_bal_025	0.0155210643015521	0.0878094348435311	0.101724368399947
dip_bal_026	0.134328358208955	0.0998060404544195	0.109415500259202
dip_bal_027	0.0110132158590308	0.0888552463025504	0.106330954269099
dip_bal_028	0.0239651416122004	0.0971218961625282	0.106537056367432
dip_bal_029	0.00437636761487969	0.0913605327013148	0.104490783108903
dip_bal_030	0.0150862068965517	0.0950974930362117	0.110168118946584
dip_bal_031	0.0712742980561555	0.0956128600133959	0.109869465228517
dip_bal_037	0.0679824561403509	0.0968355138096836	0.111006554610942
dip_bal_045	0.0492957746478874	0.0839868302903323	0.0982248122073635
dip_bal_048	0.0572082379862701	0.0852771799197254	0.104374545694839
dip_bal_053	0.0168269230769231	0.0757204746656621	0.0915839866786928
dip_bal_054	0.0210970464135021	0.097901323439836	0.108379018392967
dip_bal_056	0.0113895216400911	0.0861782835467046	0.10361308867275
dip_bal_060	0.0285087719298246	0.0882302356246059	0.104667191807798
dip_bal_061	0.0209790209790209	0.0774794654897634	0.0924050632911393
dip_bal_062	0.0205479452054794	0.0860509888571261	0.103271645736946
dip_bal_063	0.0171673819742489	0.0995011086474501	0.109022556390977
dip_bal_065	0.0151843817787418	0.0887240526709218	0.105486202365309
dip_bal_067	0.015625	0.0837640977443609	0.0996537000302592
dip_bal_071	0.0622317596566524	0.0958949642679076	0.107750656423223
dip_bal_072	0.0148936170212766	0.0984760321418675	0.111251171660364
dip_bal_073	0.0570175438596491	0.092680447305998	0.107703863361745
dip_bal_074	0.0620985010706638	0.0988197305422559	0.10748890113095
dip_bal_077	0.0255863539445629	0.0977874138314432	0.108235217800266
dip_bal_078	0.120535714285714	0.0880201188843164	0.106312401471361
dip_bal_079	0.0255813953488372	0.0818242383865302	0.0972363340784393
dip_bal_080	0.0492170022371364	0.0919248934454556	0.107287980076026
dip_bal_081	0.0132450331125827	0.0895470784833468	0.105856004215796
dip_bal_082	0.0130151843817787	0.0942962796952039	0.107189287571503
dip_bal_083	0.0130151843817787	0.0902272727272727	0.108467939304944
dip_bal_084	0.0183908045977011	0.0859384357408073	0.0978004183253491
dip_bal_085	0.0379464285714286	0.0894387930049149	0.103177729630359
dip_bal_086	0.0969827586206896	0.0974282064100428	0.105806367855636
dip_bal_087	0.0534188034188035	0.0977959906966441	0.109152081783184
dip_bal_089	0.040948275862069	0.0993207883309208	0.110358462435989
dip_bal_091	0.00932400932400934	0.0835892803372478	0.0992095662748277
dip_bal_094	0.0212765957446809	0.0989181692094313	0.11144188454569
dip_bal_095	0.0425531914893617	0.097057847583232	0.109303754486952
dip_bal_096	0.121951219512195	0.0926384965700121	0.106695521017772
dip_bal_097	0.0219298245614035	0.0888620828307197	0.103740319657275
dip_bal_098	0.0386266094420601	0.0975191051057703	0.106467209657008
dip_bal_099	0.0284463894967177	0.0878850337799153	0.104059161873459
dip_bal_100	0.0611246943765281	0.0801892665919561	0.0880873937922664
dip_bal_101	0.0236051502145923	0.0980567344203708	0.109234161208741
dip_bal_102	0.064935064935065	0.0882254464285714	0.0966354833415395
dip_bal_103	0.0765864332603938	0.081304964539007	0.0893614180325133
dip_bal_105	0.0233050847457628	0.0951273532668881	0.108590842905679
dip_bal_107	0.0235546038543897	0.099590798495908	0.10968159043155
dip_bal_108	0.00863930885529163	0.0967867901372308	0.105867056720299
dip_bal_109	0.0449678800856531	0.0989710112856826	0.107470892626132
dip_bal_110	0.0129310344827587	0.096456912931709	0.111475303433504
dip_bal_111	0.0280777537796977	0.091516971723239	0.106691013434199
dip_bal_112	0.0307692307692308	0.095659118133592	0.108717680515151
dip_bal_113	0.010752688172043	0.0696472231924554	0.080007544322897
dip_bal_114	0.0222772277227723	0.0761360025421036	0.0901653734068326
dip_bal_115	0.0501089324618736	0.0975280139647503	0.110638574164854
dip_bal_116	0.0160183066361556	0.0845306513409961	0.10148090936566
dip_bal_117	0.022271714922049	0.0878382260010341	0.102214876033058
dip_bal_118	0.0807600950118765	0.0869356676059716	0.0989036778757502
dip_bal_119	0.0288888888888889	0.0803883265257799	0.0967752737501256
dip_bal_120	0.0350877192982456	0.0877092080289872	0.108627977848412
dip_fra_003	0.00877192982456143	0.0870222790995289	0.100640256102441
dip_fra_005	0.0110619469026548	0.092467324008255	0.106492996465506
dip_fra_007	0.0199430199430199	0.0681524083393242	0.0792687610415547
dip_fra_009	0.02046783625731	0.0666571203551228	0.077185713737676
dip_fra_014	0.026378896882494	0.0764197687714394	0.087362231064474
dip_fra_021	0.0735930735930735	0.0913105009906595	0.10595832110361
dip_fra_022	0.00709219858156029	0.0803308823529412	0.0956697915593558
dip_fra_023	0.0196078431372549	0.0970242136229916	0.108997781547697
dip_fra_024	0.0136054421768708	0.0835177983846844	0.0982867144636306
dip_fra_025	0.0200892857142857	0.0868464437117287	0.10070907753027
dip_fra_026	0.0168269230769231	0.075998228184522	0.0895611538596676
dip_fra_027	0.0198675496688742	0.0929406371762549	0.10702274975272
dip_fra_028	0.16017316017316	0.0968529721929289	0.104491173416407
dip_fra_029	0.00763358778625955	0.0777292014915777	0.0892768609674907
dip_fra_030	0.0173697270471465	0.0792004048582996	0.0894050159152121
dip_fra_031	0.105376344086021	0.0990450810570731	0.111373946856772
dip_fra_032	0.00896860986547088	0.0855100040362106	0.0980314309346567
dip_fra_033	0.035377358490566	0.0770437292176422	0.0902896677032741
dip_fra_034	0.0176991150442478	0.0922848495231569	0.106350245499182
dip_fra_035	0.0205949656750573	0.0836319465532949	0.0960837111012646
dip_fra_036	0.0318471337579618	0.0980294475810916	0.107064232064232
dip_fra_037	0.0301075268817205	0.0975163543630114	0.106976593818699
dip_fra_038	0.10738255033557	0.0905438288721634	0.109332023575639
dip_fra_039	0.0455531453362256	0.0957702408224842	0.10911633655316
dip_fra_040	0.0235546038543897	0.0956886898096304	0.111519209516999
dip_fra_041	0.0153508771929824	0.0914503728539222	0.104590066422128
dip_fra_042	0.0238095238095238	0.0920942203323448	0.108898649747844
dip_fra_043	0.0321888412017167	0.0947883098122013	0.109295265163749
dip_fra_044	0.0954446854663774	0.096233374315413	0.1098427112048
dip_fra_045	0.0108932461873639	0.0920234905068704	0.107811576111951
dip_fra_046	0.102173913043478	0.0973927670311185	0.111506716297135
dip_fra_047	0.081145584725537	0.0797696875187429	0.0972352389878163
dip_fra_048	0.0353200883002207	0.0917473226046618	0.106827256660339
dip_fra_050	0.013129102844639	0.0941296695810151	0.10867082204745
dip_fra_051	0.0170212765957447	0.0973176679228552	0.109803033733303
dip_fra_052	0.0460526315789473	0.0930799773114011	0.107020240002616
dip_fra_053	0.0173160173160173	0.0911880006817795	0.107091503267974
dip_fra_054	0.0197368421052632	0.0943106099436186	0.108666514106378
dip_fra_055	0.0279569892473118	0.0934288729656169	0.106479677963901
dip_fra_056	0.0340425531914894	0.0960285189104885	0.108457131760365
dip_fra_057	0.0171306209850107	0.0962513228986799	0.108016987065193
dip_fra_058	0.0747252747252747	0.093319134626163	0.109255167034967
dip_fra_059	0.126338329764454	0.0975691721743027	0.11013986013986
dip_fra_060	0.025695931477516	0.0964862727375437	0.10830971692889
dip_fra_061	0.0860215053763441	0.102380556017979	0.112489901438035
dip_fra_062	0.0149253731343284	0.0972407654650645	0.110194174757282
dip_fra_063	0.0238095238095238	0.0916752078350985	0.106846540798328
dip_fra_064	0.0359408033826638	0.100172040623786	0.11028484593747
dip_fra_068	0.0173160173160173	0.0884446722478501	0.101965561518454
dip_fra_069	0.0362473347547975	0.0984097079847066	0.110700389105058
dip_fra_070	0.0233545647558386	0.0969845605038738	0.110170590906143
dip_fra_071	0.017353579175705	0.090520191649555	0.106067548108391
dip_fra_072	0.0222222222222223	0.0904775521875893	0.106236699950892
dip_fra_073	0.0459518599562363	0.09272121520131	0.106585929615522
dip_fra_076	0.0276595744680851	0.0950797872340425	0.105213639165558
dip_fra_077	0.032258064516129	0.0970459395709311	0.107560785333507
dip_fra_078	0.0432900432900433	0.0960983068123903	0.110531973808516
dip_fra_079	0.102620087336245	0.0956092637245556	0.11030342365731
dip_fra_080	0.0194384449244061	0.0941554778291774	0.109676998794042
dip_fra_081	0.0148936170212766	0.0976263613515778	0.108446230634602
dip_fra_082	0.0367170626349892	0.0979106468104023	0.10880913011056
dip_fra_083	0.0111607142857143	0.089210783468414	0.103603900382132
dip_fra_084	0.0262582056892779	0.0959082174748502	0.106583583452956
dip_fra_086	0.00852878464818763	0.0943908657576765	0.104843156972784
dip_fra_087	0.0384615384615384	0.0938024387515382	0.101171389306983
dip_fra_088	0.0106609808102346	0.0969717212202182	0.106414136483452
dip_fra_089	0.025695931477516	0.0951931616341031	0.108289333031
dip_fra_090	0.0236051502145923	0.0955417544637907	0.109204519700845
dip_fra_091	0.0518358531317494	0.0937941958477118	0.110090547847046
dip_fra_093	0.0294736842105263	0.0990406477014363	0.109422098337277
dip_fra_094	0.0491452991452992	0.0979838262988811	0.107664884135472
dip_fra_095	0.0670995670995671	0.098635132894955	0.110464364247833
dip_fra_096	0.102620087336245	0.0959494237439856	0.109501118350676
dip_fra_097	0.0172043010752688	0.0880063184023469	0.105531747849128
dip_fra_098	0.0643776824034334	0.100865032715981	0.105812026899711
dip_fra_099	0.0130151843817787	0.0919469126082555	0.109693794539716
dip_fra_100	0.165591397849462	0.0980272973421009	0.107538695188548
dip_spaAL_003	0.0377777777777778	0.0835744877879384	0.0982722097179929
dip_spaAL_006	0.0633484162895928	0.0824018259495523	0.0995820341007099
dip_spaAL_008	0.0588235294117647	0.0724175260668908	0.0786437722181232
dip_spaAL_011	0.0459518599562363	0.0887187570367034	0.0976811403796887
dip_spaAL_015	0.0321888412017167	0.0847169490564968	0.100517151086672
dip_spaAL_016	0.0127931769722814	0.0867888677769084	0.0982974412600895
dip_spaAL_020	0.0323974082073434	0.0933117282226071	0.10262186959219
dip_spaAL_022	0.0235546038543897	0.0932668608559265	0.102523967912346
dip_spaAL_023	0.023454157782516	0.0875594073245737	0.0995679497250589
dip_spaAL_024	0.0149572649572649	0.0664069214461697	0.0712139118689853
dip_spaAL_026	0.0277777777777778	0.0944546008531383	0.102761533463288
dip_spaAL_028	0.0403397027600849	0.0926460786491891	0.104333712059731
dip_spaAL_031	0.0579064587973274	0.0883933676386507	0.10358526495502
dip_spaAL_035	0.0848623853211009	0.0887151985394797	0.104537980927327
dip_spaAL_037	0.0173160173160173	0.0946952595936794	0.10929050752492
dip_spaAL_040	0.0234042553191489	0.10116774586308	0.109446296236368
dip_spaAL_042	0.0393873085339168	0.0880424245880139	0.104354403736105
dip_spaAL_044	0.0464601769911505	0.0876374733690333	0.103319693769799
dip_spaAL_047	0.0170575692963753	0.0962252646749071	0.104645110923167
dip_spaAL_049	0.0319829424307037	0.0965421853388658	0.104986536028291
dip_spaAL_051	0.175946547884187	0.0866614314561364	0.0950861728719905
dip_spaAL_055	0.0302375809935205	0.0983460983460983	0.11254415243527
dip_spaAL_057	0.027027027027027	0.0897726612012326	0.103595550258244
dip_spaAL_058	0.0239808153477218	0.0757603800357826	0.0931539920675979
dip_spaAL_059	0.0717592592592593	0.0827512090274046	0.094429279142655
dip_spaAL_060	0.0138568129330254	0.0868493633002758	0.100632069194943
dip_spaAL_061	0.13265306122449	0.0762329024971765	0.0906205308870208
dip_spaAL_062	0.0626450116009281	0.0838298625449826	0.102629997997463
dip_spaAL_063	0.064935064935065	0.0946615609865976	0.107145181232511
dip_spaAL_064	0.0138888888888888	0.0822993466402925	0.0998718294657313
dip_spaAL_065	0.0116279069767442	0.081601836192317	0.0942828828213101
dip_spaAL_066	0.0154185022026432	0.0870967741935483	0.102695213274833
dip_spaAL_067	0.136659436008677	0.0977718656468241	0.103607259975973
dip_spaAL_068	0.0130434782608696	0.0917321489579774	0.108923197697239
dip_spaAL_069	0.0236559139784946	0.0955168952827032	0.10425061744443
dip_spaAL_070	0.0344827586206896	0.0954234554857365	0.105290473255701
dip_spaAL_074	0.0318181818181819	0.0819788403569951	0.0959487557850962
dip_spaAL_075	0.0175438596491229	0.0905511811023622	0.10660925164742
dip_spaAL_076	0.0571428571428572	0.0822683706070287	0.097674880763116
dip_spaAL_077	0.0612244897959183	0.0927277953434895	0.108552307843716
dip_spaAL_078	0.0256410256410257	0.082492294675772	0.0966506203810428
dip_spaAL_079	0.101731601731602	0.0978552278820375	0.110113452188006
dip_spaAL_081	0.00945626477541373	0.0818628342732399	0.0963557542504911
dip_spaAL_083	0.0350467289719626	0.0808951115897804	0.0941690369768386
dip_spaAL_084	0.084051724137931	0.0974805876766661	0.107078925956062
dip_spaN_001	0.0189473684210526	0.098172757475083	0.107415555843147
dip_spaN_002	0.0989247311827957	0.0999778442450426	0.110097677728184
dip_spaN_003	0.0536480686695279	0.09184749431156	0.10357282311597
dip_spaN_004	0.0212314225053079	0.0998119884981199	0.110249200038786
dip_spaN_005	0.0172786177105831	0.0952750235417936	0.106736289040963
dip_spaN_006	0.0157657657657657	0.0861039569187544	0.101283119480087
dip_spaN_007	0.0321888412017167	0.100475033141847	0.110654278222021
dip_spaN_008	0.0695652173913044	0.0909346214333857	0.108937550689375
dip_spaN_009	0.0544662309368191	0.0924923909367602	0.106292156798853
dip_spaN_010	0.0194384449244061	0.0955865795991894	0.109425856008332
dip_spaN_011	0.0244988864142539	0.0896768658850443	0.10670771649417
dip_spaN_012	0.014799154334038	0.0996128318584071	0.107016919543205
dip_spaN_013	0.0731182795698925	0.0964542936288089	0.105630374817459
dip_spaN_014	0.191304347826087	0.0957205336876488	0.105506814723688
dip_spaN_015	0.0269058295964125	0.0595126814980993	0.0642080029503964
dip_spaN_016	0.0302375809935205	0.0984493529674253	0.110704571946639
dip_spaN_017	0.0129032258064516	0.0909600089615772	0.107498620980564
dip_spaN_019	0.0318471337579618	0.0903778730035061	0.098685283659022
dip_spaN_020	0.0469083155650319	0.101359977796281	0.110057908188024
dip_spaN_021	0.0196078431372549	0.0906214689265536	0.105137668615475
dip_spaN_035	0.0350877192982456	0.0974737312765481	0.112231008555872
dip_spaN_036	0.0174291938997821	0.0959210601801388	0.106527295366669
dip_spaN_046	0.0447761194029851	0.0959315251222765	0.10707096941757
dip_spaN_047	0.0227272727272727	0.0843983744625714	0.100576148133347
dip_spaN_054	0.10752688172043	0.093164585191793	0.105926818937148
dip_spaN_057	0.0127931769722814	0.094737427681353	0.106951871657754
dip_spaN_062	0.0491071428571429	0.0864696916402861	0.104052610495393
dip_spaN_072	0.0561555075593952	0.100366585203288	0.113951529289787
dip_spaN_080	0.0685224839400428	0.0983370288248337	0.108774544747586
dip_spaS_004	0.0405117270788913	0.0962030954236722	0.106426551376654
dip_spaS_013	0.41978021978022	0.0901862663330554	0.11110750559756
dip_spaS_018	0.00219780219780219	0.0908357813490006	0.103481147891259
dip_spaS_020	0.105960264900662	0.0855719722408775	0.0923750287952084
dip_spaS_023	0.338028169014085	0.0902191765305544	0.107454049255253
dip_spaS_025	0.0404255319148936	0.0944201252285698	0.107394936217056
dip_spaS_027	0.0277777777777778	0.0930388219544847	0.106275468622657
dip_spaS_029	0.104255319148936	0.0973343656675146	0.107055095706156
dip_spaS_030	0.0154525386313465	0.0897764123570575	0.105646451781457
dip_spaS_031	0.474040632054176	0.0952697831752898	0.110135441643445
dip_spaS_036	0.0963597430406852	0.0951826597926715	0.107791997408067
dip_spaS_037	0.021505376344086	0.0904941680283992	0.106576333018468
dip_spaS_041	0.0190274841437632	0.0936252771618625	0.107384944702105
dip_spaS_043	0.159041394335512	0.100400935516204	0.112343876723439
dip_spaS_045	0.0447427293064877	0.0881776239907728	0.101467962705812
dip_spaS_050	0.136069114470842	0.0949975015268447	0.109720916663966
dip_spaS_053	0.0328227571115973	0.0930481886920212	0.107727955094315
dip_spaS_054	0.0405117270788913	0.0943375111906893	0.104755071423912
dip_spaS_064	0.0776053215077606	0.0926392387349566	0.107571141505153
dip_spaS_068	0.0196506550218341	0.0877312450346158	0.0985088413829507
dip_spaS_069	0.0324675324675324	0.0965164049749564	0.111988560657762
dip_spaS_070	0.0151187904967602	0.0950226244343891	0.106373997467286
dip_spaS_078	0.26797385620915	0.0964873277012005	0.110103920489495
dip_spaS_080	0.0364025695931478	0.0977338691672248	0.111424039364216
dip_spaS_093	0.465783664459161	0.0924262585939233	0.106990014265335
dip_spaS_094	0.182017543859649	0.0968951048951049	0.111845730027548
dip_spaS_095	0.0394088669950738	0.0776591147601704	0.0929685608549787
dip_spaS_096	0.0995370370370371	0.0867571856815377	0.104885343968096
dip_spaS_097	0.0295454545454545	0.0878237742830712	0.10318219291014
dip_spaS_101	0.0319829424307037	0.0970594738005749	0.110332127164642
dip_spaS_102	0.164473684210526	0.0973215771086342	0.110992632803412
dip_spaS_110	0.0767590618336887	0.0938457254246728	0.10860403293782
dip_spaS_111	0.0190677966101694	0.0971340217571374	0.108382343436955
dip_spaS_112	0.0231481481481481	0.0800558387958242	0.0934385523317119
dip_spaS_113	0.0173160173160173	0.0894015454904394	0.10576015108593
dip_spaS_114	0.167381974248927	0.0919394073418841	0.104147734648838
dip_spaS_115	0.37956204379562	0.0907845934379458	0.108349246065714
dip_spaS_116	0.437647058823529	0.09557719054242	0.107394537719612
dip_spaS_117	0.190804597701149	0.0920452626245567	0.111820878010625
dip_spaS_118	0.0720524017467249	0.0935116676152533	0.106872728463377
dip_spaS_119	0.268518518518518	0.0952919873245812	0.112061088630727
mul_bal_001	0.0343839541547278	0.0895118202444558	0.100561087403193
mul_bal_003	0.0168067226890757	0.0878087306145893	0.0966234786022772
mul_bal_006	0.0393258426966292	0.0926467441694601	0.104463029545099
mul_bal_010	0.0141643059490085	0.0931925737167819	0.103624076196498
mul_bal_011	0.0481586402266289	0.0887256702166728	0.0995347357537678
mul_bal_015	0.0386740331491713	0.090041223692775	0.100369264613451
mul_bal_019	0.0166204986149584	0.0898443079560063	0.0965708917247319
mul_bal_021	0.00996677740863783	0.0763426902482557	0.0785501140951378
mul_bal_025	0.025	0.0891031682737621	0.101662278461115
mul_bal_033	0.0310734463276836	0.0811990686845169	0.0972359523903673
mul_bal_042	0.0279329608938548	0.0920312614126069	0.1018426788191
mul_bal_045	0.0233236151603499	0.0780905945265807	0.0866932940929157
mul_bal_046	0.0225352112676056	0.0817356944241182	0.0919476177208136
mul_bal_050	0.0141242937853108	0.0858028697094239	0.0949531532950162
mul_bal_053	0.0362116991643454	0.0914268806864413	0.101787349229728
mul_bal_057	0.0393258426966292	0.0878761447884867	0.0953248089941016
mul_bal_059	0.0361111111111111	0.0869659666908038	0.0979464743210753
mul_bal_061	0.0285714285714286	0.0736406337075074	0.081196397017627
mul_bal_066	0.0257879656160458	0.0865610328638498	0.0982005141388175
mul_bal_067	0.0316091954022989	0.0915316642120766	0.102026973106695
mul_bal_069	0.0220385674931129	0.0933476394849786	0.101595495072736
mul_bal_074	0.0254237288135594	0.0910868148577221	0.101182293098708
mul_bal_075	0.0222841225626741	0.0980671849368804	0.105571161048689
mul_bal_078	0.0207612456747405	0.0751898522907453	0.0843028458922499
mul_bal_081	0.0361111111111111	0.090338233195376	0.100152159494362
mul_bal_084	0.0364145658263305	0.0910588909585901	0.102536005009393
mul_bal_087	0.0304709141274239	0.0901739068202962	0.0989622087331115
mul_bal_088	0.0306406685236769	0.083971119133574	0.0943663078494539
mul_bal_091	0.0275482093663911	0.090679190751445	0.0957551826258638
mul_bal_096	0.0310734463276836	0.0849354160408531	0.0939462244405088
mul_bal_097	0.0302197802197802	0.0939970091860713	0.100661221314664
mul_bal_101	0.0304709141274239	0.0932583469780024	0.100374648766781
mul_bal_103	0.0220125786163522	0.0751177456693541	0.0807354460902515
mul_bal_106	0.0286532951289399	0.0910150841652699	0.0985681512538565
mul_bal_107	0.0296735905044511	0.0816881703715219	0.0918447484809656
mul_bal_108	0.0337078651685393	0.0883417813178856	0.098610893109402
mul_bal_109	0.0444444444444444	0.0935872744132963	0.105353452645534
mul_bal_110	0.0335195530726257	0.0875669416702851	0.0986325055014147
mul_bal_111	0.0293255131964809	0.0772117962466488	0.0903913432592954
mul_bal_112	0.0295202952029521	0.0703504043126685	0.0788421711698695
mul_bal_113	0.0201149425287356	0.0826741709765744	0.0954324979789815
mul_bal_114	0.0264900662251656	0.0798698657991054	0.0828831203057057
mul_bal_115	0.0418994413407822	0.0917063020214031	0.101717884331779
mul_bal_116	0.0304709141274239	0.0976253298153035	0.102899285909392
mul_bal_117	0.0180505415162455	0.072175917715907	0.0765396597172298
mul_bal_118	0.0482758620689655	0.0763358778625954	0.0809198145683205
mul_bal_119	0.0304709141274239	0.0963718012688003	0.105369886518738
mul_bal_120	0.0497237569060773	0.0971122994652407	0.106095423563778
mul_bal_121	0.0274914089347079	0.0724209795067732	0.078544061302682
mul_bal_122	0.0143266475644699	0.0963794716763838	0.107176360225141
mul_bal_123	0.0226415094339623	0.0714612918002748	0.0780089518469332
mul_bal_124	0.0571428571428572	0.0926300578034682	0.100653440403086
mul_bal_125	0.0280898876404494	0.0895066220346383	0.100292767843013
mul_bal_126	0.0557103064066853	0.0910553645871426	0.102300074959561
mul_bal_127	0.0273037542662116	0.0771506038945033	0.0855574735537555
mul_bal_128	0.0193370165745856	0.0918809592603294	0.103064833005894
mul_bal_129	0.0338028169014084	0.0908564395858974	0.100614076523382
mul_bal_130	0.0338028169014084	0.0862629033422363	0.0999921636235405
mul_bal_131	0.0257142857142857	0.0913594637913449	0.10059335443038
mul_fra_021	0.0286532951289399	0.0878880629645824	0.0977366660106278
mul_fra_022	0.0310734463276836	0.0913978494623656	0.0989179618335628
mul_fra_025	0.0289855072463768	0.0884139647222425	0.0946294605644425
mul_fra_028	0.0179640718562875	0.0840960240060015	0.0976429629036776
mul_fra_032	0.0476190476190477	0.0771868272067618	0.0819240724762726
mul_fra_034	0.0155763239875389	0.0758015207337148	0.0819129992368354
mul_fra_036	0.0279329608938548	0.080082135523614	0.0876090610742015
mul_fra_038	0.0421348314606742	0.0892600057587101	0.0993322859387274
mul_fra_042	0.0252808988764045	0.0945191757298226	0.0991276454250284
mul_fra_043	0.0225988700564972	0.0946685878962537	0.102262905633692
mul_fra_047	0.0132890365448505	0.0766935483870967	0.0830058510173783
mul_fra_057	0.028169014084507	0.0910346833418163	0.101837642151655
mul_fra_058	0.0394366197183098	0.0943341961461029	0.101809777499216
mul_fra_059	0.0277008310249307	0.0976322921123948	0.104998047637642
mul_fra_060	0.0289855072463768	0.0949712539116513	0.102986611740474
mul_fra_061	0.0450704225352113	0.087377938517179	0.100070555032926
mul_fra_062	0.0418994413407822	0.0855186480186481	0.100055170239596
mul_fra_063	0.0422535211267606	0.0764731558271498	0.0798240688751638
mul_fra_064	0.0350877192982456	0.0733634311512416	0.0792277273784601
mul_fra_065	0.0377358490566038	0.0759905621999837	0.0811299136259475
mul_fra_066	0.0321543408360129	0.0787438851191415	0.0864508957202104
mul_fra_067	0.030812324929972	0.0895402382866749	0.0971180418476115
mul_fra_068	0.0221606648199446	0.0909025736611944	0.102209188660802
mul_fra_069	0.0163934426229508	0.0739667025594302	0.0788821275636692
mul_fra_070	0.0501392757660167	0.0905514626993777	0.0987905593173901
mul_fra_071	0.0222841225626741	0.092008107716809	0.0966636467483357
mul_fra_072	0.03954802259887	0.0898723282168986	0.100520405368392
mul_fra_073	0.0445682451253482	0.091112393593998	0.0995645521948924
mul_fra_074	0.0194444444444445	0.0896300528495929	0.0981333958138082
mul_fra_075	0.0284900284900285	0.0976889990522709	0.103361112208223
mul_fra_076	0.0334261838440112	0.095607603046914	0.103203402395724
mul_fra_077	0.0193905817174516	0.0930633347694959	0.104901117798796
mul_fra_078	0.019774011299435	0.0886361979736132	0.098104134641914
mul_fra_080	0.0303867403314917	0.0917484131563763	0.10440098757691
mul_fra_081	0.019672131147541	0.0743332235758972	0.0796322615029312
mul_fra_082	0.0317919075144508	0.0693375584729138	0.0771562642747394
mul_fra_083	0.0136986301369864	0.100177493787717	0.106944174285159
mul_fra_084	0.0362116991643454	0.091098948581305	0.103010348071496
mul_fra_085	0.0364145658263305	0.0857678713121258	0.0987435503564535
mul_fra_086	0.0279329608938548	0.0892494929006086	0.0996495925036419
mul_fra_087	0.0366197183098591	0.0882756627898577	0.0964829272139421
mul_fra_088	0.0168350168350169	0.0741372310190824	0.0812345896442409
mul_fra_089	0.0194444444444445	0.0839257217466995	0.0938611045271391
mul_fra_090	0.0509915014164306	0.0900770013075693	0.0963788959375862
mul_fra_091	0.0448179271708683	0.0940966010733453	0.100086179880915
mul_fra_092	0.0278551532033426	0.0901345933562429	0.10183299389002
mul_fra_093	0.0446927374301676	0.0907182160440196	0.100193057799141
mul_fra_094	0.0397727272727273	0.0934450109249818	0.0990059955822026
mul_fra_095	0.0277777777777778	0.0903267597524111	0.0960623106880139
mul_fra_096	0.0331491712707183	0.0848898902536521	0.0911731932505572
mul_fra_097	0.0391061452513967	0.0916769824510304	0.10299566417028
mul_fra_098	0.0141242937853108	0.0783487172032851	0.0884405279317357
mul_fra_099	0.019774011299435	0.0778032036613272	0.0816721034191132
mul_fra_100	0.0467836257309941	0.076173339331234	0.0843472205153415
mul_fra_101	0.0337078651685393	0.0764583183485579	0.0856125074213339
mul_fra_102	0.0389972144846796	0.0938372342709899	0.0976221255925099
mul_fra_103	0.0364145658263305	0.0733530717986677	0.0832016850974197
mul_fra_104	0.0168067226890757	0.0769795798442779	0.0828416713812333
mul_fra_105	0.0421348314606742	0.0852763385146805	0.0926677435877231
mul_fra_106	0.0343839541547278	0.0883869562059699	0.097083940025973
mul_fra_107	0.0314285714285715	0.0697867836080448	0.078303763886586
mul_fra_108	0.03601108033241	0.0960496292070736	0.0999726423574472
mul_fra_109	0.0274725274725275	0.0907060518731988	0.0993820400500626
mul_fra_110	0.0222841225626741	0.0904519002801926	0.099823771294302
mul_fra_111	0.0249307479224377	0.0831588825525157	0.0849624060150376
mul_fra_112	0.0167130919220055	0.0901262916188289	0.100427601898709
mul_fra_113	0.0441988950276243	0.0915172217477939	0.102689390978031
mul_fra_114	0.0222222222222223	0.0907392772469287	0.100566959921799
mul_fra_115	0.0125786163522013	0.0729417428984112	0.0821461048802667
mul_fra_117	0.0167597765363129	0.0931526390870185	0.0992065043192745
mul_fra_118	0.0501392757660167	0.0902838111786852	0.100589622641509
mul_fra_119	0.0358126721763086	0.087047303621571	0.0915997480711699
mul_fra_120	0.0247933884297521	0.0919046596521366	0.102198920103294
mul_fra_121	0.0224719101123596	0.0945152513246456	0.106119257086999
mul_fra_122	0.0476190476190477	0.0921309343160633	0.0997765319324108
mul_fra_123	0.0334261838440112	0.0899584586735425	0.100270048139016
mul_fra_124	0.0366197183098591	0.09352983465133	0.102852441031267
Mul_MEDIT_002	0.0246913580246914	0.0764539128940812	0.0844862323707186
Mul_MEDIT_009	0.0306406685236769	0.081674175265223	0.0838910133843213
Mul_MEDIT_015	0.0196629213483146	0.0840740201078246	0.0860081645721604
Mul_MEDIT_022	0.0414364640883977	0.0932830510886581	0.10451834236482
Mul_MEDIT_025	0.0334261838440112	0.0952415181138585	0.103828555785851
Mul_MEDIT_032	0.0334261838440112	0.087698986975398	0.0996779514570733
Mul_MEDIT_036	0.0139664804469274	0.0923905240488155	0.102398053298795
Mul_MEDIT_044	0.046831955922865	0.0983024362525747	0.108426681238047
Mul_MEDIT_048	0.0249307479224377	0.0877981584861887	0.0967221500806674
Mul_MEDIT_054	0.0253968253968254	0.074482647556164	0.080399826162538
Mul_MEDIT_056	0.0309859154929577	0.0902129521586931	0.100484499940915
Mul_MEDIT_059	0.0311614730878187	0.0894071204035383	0.101959073604061
Mul_MEDIT_061	0.0276243093922652	0.0935714285714285	0.100296596940368
Mul_MEDIT_064	0.0332409972299169	0.0897205660512894	0.103010348071496
Mul_MEDIT_069	0.0397727272727273	0.0834022090314824	0.0951540436456996
Mul_MEDIT_072	0.0366197183098591	0.0872040755169313	0.0972194358624564
Mul_MEDIT_074	0.0426136363636364	0.0875529699059111	0.093323336753216
Mul_MEDIT_075	0.0333333333333333	0.0917888351267423	0.100506060962693
Mul_MEDIT_076	0.0198863636363636	0.0847867119667799	0.0946306015341138
Mul_MEDIT_077	0.0333333333333333	0.0924952547817199	0.102555998893849
Mul_MEDIT_079	0.0300751879699248	0.0683025086980407	0.0789447828650029
Mul_MEDIT_081	0.0234899328859061	0.0766775846140926	0.0812333769102466
Mul_MEDIT_084	0.054945054945055	0.0949720670391061	0.105100524133615
Mul_MEDIT_086	0.0193905817174516	0.0934251093425109	0.104950107611035
Mul_MEDIT_089	0.0304709141274239	0.0900035574528637	0.0974379033835322
Mul_MEDIT_090	0.0372492836676218	0.0926927793406911	0.104174043038672
Mul_MEDIT_091	0.052924791086351	0.0881801125703565	0.100129274885415
Mul_MEDIT_095	0.0307262569832403	0.0860262008733624	0.0977704246435043
mul_spaAL_003	0.0194444444444445	0.0900293885742958	0.101138096914232
mul_spaAL_004	0.0194444444444445	0.0977481717471581	0.107491856677524
mul_spaAL_007	0.0134228187919463	0.0734152652005174	0.0813307069380609
mul_spaAL_011	0.0194444444444445	0.090613952817257	0.0950465373087238
mul_spaAL_019	0.0280898876404494	0.0924158714213963	0.103708040593287
mul_spaAL_022	0.0199430199430199	0.0900087387124964	0.0984764761604041
mul_spaAL_025	0.0227272727272727	0.0782168517308949	0.0803296025381158
mul_spaAL_030	0.041782729805014	0.0883714203066243	0.100055170239596
mul_spaAL_033	0.0364145658263305	0.0936148746036322	0.10347535833497
mul_spaAL_034	0.0227920227920227	0.0917516884609858	0.100537824363051
mul_spaAL_039	0.030812324929972	0.0911809760011671	0.103499803381833
mul_spaAL_040	0.0379008746355685	0.0946564885496183	0.106134679072701
mul_spaAL_041	0.0392156862745098	0.0754885993485342	0.0821111794151225
mul_spaAL_042	0.0424929178470255	0.0945709281961471	0.106250987829935
mul_spaAL_043	0.0444444444444444	0.0909486510008704	0.100039385584876
mul_spaAL_044	0.0223463687150838	0.0978206502322257	0.105777882095216
mul_spaAL_045	0.0282485875706214	0.0919358319545357	0.0986286298086368
mul_spaAL_047	0.0274725274725275	0.0823639910411097	0.0898965476237663
mul_spaAL_048	0.0250696378830083	0.0786117953919722	0.0833929280889948
mul_spaAL_049	0.0168539325842697	0.085887332165791	0.0919339472848524
mul_spaAL_050	0.036723163841808	0.0908699087709216	0.0941555887674035
mul_spaAL_051	0.036723163841808	0.0867047839617862	0.0964036161225376
mul_spaAL_055	0.0277008310249307	0.0973820483314154	0.103953606833588
mul_spaAL_057	0.0224719101123596	0.0838471023427867	0.0923833313508584
mul_spaAL_060_re-extract	0.0388888888888889	0.0875464153099115	0.0962050078247262
mul_spaAL_073	0.0355029585798816	0.081975867269985	0.0917654701965243
mul_spaAL_077	0.0416666666666666	0.0881060495093013	0.098374273169574
mul_spaAL_080	0.0342857142857143	0.0872473566856075	0.0976456205387073
mul_spaAL_083	0.0414364640883977	0.0914149443561209	0.0985283701896592
mul_spaAL_085	0.011204481792717	0.0984859305813455	0.0972064412490695
mul_spaAL_088	0.0253521126760563	0.0902803057881325	0.0973779813615543
mul_spaAL_093	0.0389972144846796	0.0893725063474792	0.0938662445587654
mul_spaN_002	0.0196078431372549	0.0881962864721485	0.0963246127503683
mul_spaN_005	0.0252808988764045	0.0870406189555126	0.0968349358974359
mul_spaN_008	0.0303867403314917	0.0951737863387589	0.102675793403858
mul_spaN_009	0.0154320987654321	0.079077296641036	0.0862646921542836
mul_spaN_010	0.0222841225626741	0.0865308473112087	0.0938532976546513
mul_spaN_011	0.0196629213483146	0.0890703147984702	0.0983372921615202
mul_spaN_012	0.0166204986149584	0.0913342101417507	0.102075508993872
mul_spaN_013	0.0290697674418605	0.0828771875722766	0.0910761690831121
mul_spaN_014	0.0340909090909091	0.0884710683573823	0.100641127117303
mul_spaN_015	0.0282485875706214	0.0926968345639301	0.102768671748489
mul_spaN_016	0.025	0.0746789281750436	0.0790960451977402
mul_spaN_017	0.0107913669064749	0.0740050804403048	0.0834785000458421
mul_spaN_018	0.0298013245033113	0.0743326488706365	0.079604187834077
mul_spaN_019	0.0332409972299169	0.0906268053148469	0.0982951205173428
mul_spaN_020	0.0249307479224377	0.0908372827804107	0.103741429970617
mul_spaN_021	0.027027027027027	0.0898524126328669	0.0958160200765211
mul_spaN_022	0.0403458213256485	0.0927774943517237	0.104123101203393
mul_spaN_023	0.0445859872611465	0.0717148832345765	0.0814496202068271
mul_spaN_024	0.0445682451253482	0.0938755020080321	0.102862953692115
mul_spaN_025	0.0139275766016713	0.0963374661536269	0.105064130053409
mul_spaN_026	0.0363128491620112	0.0902713150547642	0.098572266770976
mul_spaN_027	0.0225988700564972	0.093836836480228	0.102565103658299
mul_spaN_028	0.00996677740863783	0.0733997858143175	0.0812155677981162
mul_spaN_029	0.0171428571428571	0.095719509571951	0.104829534308918
mul_spaN_030	0.0111420612813371	0.088851450336947	0.100541010148877
mul_spaN_031	0.0524861878453039	0.0915573302909298	0.100097599063049
mul_spaN_032	0.036723163841808	0.0929862617498193	0.102097627916095
mul_spaN_033	0.0170454545454546	0.0896725440806045	0.0964415052747599
mul_spaN_034	0.0336134453781513	0.0836193675600672	0.0971932448923356
mul_spaN_035	0.0331491712707183	0.0960729812557908	0.106231245859476
mul_spaN_036	0.0389972144846796	0.0943288686235395	0.103921415763624
mul_spaN_041	0.0252808988764045	0.095070927066915	0.100157170923379
mul_spaN_042	0.0228013029315961	0.0775044219327866	0.0810528605612356
mul_spaN_051	0.0416666666666666	0.0919316461172399	0.0994344957587182
mul_spaN_059	0.0164473684210527	0.0742318721835313	0.0839424141749723
mul_spaN_062	0.0220385674931129	0.0939563951423904	0.102977860929217
mul_spaN_065	0.0337078651685393	0.0919802899378704	0.10071266348187
mul_spaN_068	0.0166666666666667	0.0887535816618911	0.0997889305816135
mul_spaS_002	0.0194986072423399	0.0924565359714847	0.106555441882427
mul_spaS_003	0.0229508196721312	0.0739696492246454	0.0793322233721819
mul_spaS_004	0.0169491525423728	0.0732391970057843	0.0817416118193952
mul_spaS_005	0.0310734463276836	0.0907506897052418	0.0991924364782352
mul_spaS_006	0.0308988764044944	0.0945640277271069	0.104252130009467
mul_spaS_007	0.0277008310249307	0.096388967870344	0.104834307992203
mul_spaS_008	0.0167130919220055	0.0895685816482955	0.0962032317964522
mul_spaS_012	0.032967032967033	0.0914395502739629	0.103827266349677
mul_spaS_016	0.0381231671554252	0.0839805086036242	0.0940400586223742
mul_spaS_018	0.0260115606936416	0.0822669104204753	0.0932661002144048
mul_spaS_021	0.0286532951289399	0.0899235167446351	0.0985769107771026
mul_spaS_025	0.0305555555555556	0.0878339557598391	0.0943944691047649
mul_spaS_026	0.0194444444444445	0.0926206448820601	0.102411057881096
mul_spaS_027	0.027190332326284	0.0780326318278552	0.0864361151377097
mul_spaS_028	0.0222222222222223	0.0885646174962075	0.0946396003489017
mul_spaS_029	0.0385674931129476	0.0931365525146869	0.102877922890436
mul_spaS_038	0.0257879656160458	0.0858855346831372	0.0951376730861053
mul_spaS_041	0.0223463687150838	0.0890603591259825	0.0964939987365762
mul_spaS_043	0.00684931506849318	0.0739249614528011	0.0822143806425003
mul_spaS_048	0.0523415977961432	0.0943464430306535	0.103922567498726
mul_spaS_050	0.0331491712707183	0.0946677249440797	0.105706340813849
mul_spaS_052	0.0168067226890757	0.0923389142567225	0.103299462513241
mul_spaS_057	0.0335195530726257	0.095820444572333	0.102458534290084
mul_spaS_060	0.0330578512396694	0.0916557639191743	0.0982927887079604
mul_spaS_061	0.0334261838440112	0.0949330646322153	0.102494916314719
mul_spaS_062	0.0467032967032966	0.096588040106759	0.104476437731099
mul_spaS_063	0.0196078431372549	0.087942238267148	0.0998704510658344
mul_spaS_064	0.0308988764044944	0.0915772029685136	0.100859126750618
mul_spaS_065	0.0126182965299685	0.0780393421476943	0.0828456633767142
mul_spaS_066	0.0169014084507042	0.0907570358519381	0.100272178612284
mul_spaS_067	0.0278551532033426	0.0874113086094653	0.102784910132333
mul_spaS_068	0.0339943342776204	0.0921109666233203	0.103789904072967
mul_spaS_069	0.0193905817174516	0.0856399508563995	0.0921484174339116
mul_spaS_070	0.0269360269360269	0.0771454530436937	0.0812873850549058
mul_spaS_073	0.0196078431372549	0.0981674452030183	0.105370203778308
mul_spaS_075	0.0364145658263305	0.0906672418751797	0.100499744225396
mul_spaS_079	0.0223463687150838	0.0972518866581233	0.102818330861113
mul_spaS_080	0.025	0.0885196590990475	0.0974244559260999
mul_spaS_084	0.0495867768595041	0.0990303721659774	0.104015311303804
mul_spaS_086	0.0278551532033426	0.0929075969439239	0.104032226524307
mul_spaS_091	0.0254957507082153	0.0945819204963567	0.10231386746419
mul_spaS_093	0.02	0.0781551362683438	0.0858764759309718
mul_spaS_095	0.0412087912087912	0.0914545980335454	0.0982258762440502
mul_spaS_100	0.0363128491620112	0.0926284117773479	0.0998276132267669
mul_spaS_101	0.0365168539325843	0.095934609593461	0.104771987609301
mul_spaS_104	0.0252100840336135	0.0934680620714543	0.102102693337534
mul_spaS_105	0.0313390313390314	0.0943244820542749	0.101614622399432
mul_spaS_107	0.0280112044817927	0.0917557031475599	0.104103671706263
mul_spaS_110	0.025	0.0986687548942835	0.10321271030956
mul_spaS_111	0.0247252747252747	0.0901087890065846	0.0970310232576381
mul_spaS_112	0.0444444444444444	0.0956372232967978	0.100778834487887
mul_spaS_113	0.0397727272727273	0.0887651016421905	0.102617512969659
mul_spaS_118	0.0286532951289399	0.0841701122268163	0.0966214334036373
mul_spaS_121	0.0469208211143695	0.0843456337382535	0.0956390855097226
mul_spaS_124	0.0261437908496732	0.0774642126789366	0.0834844932088661
mul_spaS_125	0.0317919075144508	0.0817985236000298	0.0960574339229134
mul_spaS_130	0.0285714285714286	0.0845718596755941	0.0922945968951401
mul_spaS_133	0.019774011299435	0.0932457101131799	0.0994963714954198
mul_spaS_134	0.0252100840336135	0.0926674364896074	0.104152752131379
mul_spaS_138	0.0188679245283019	0.0787859726372071	0.0841947885519009
mul_spaS_142	0.0228571428571429	0.088429873566598	0.0996428571428571
mul_spaS_145	0.0210526315789473	0.0702317909540758	0.0789855411539001
mul_spaS_146	0.0589887640449438	0.086003616636528	0.101015668057633
mul_spaS_152	0.0257879656160458	0.0939378576084595	0.103189937305311
mul_spaS_153	0.0222222222222223	0.0891581908677775	0.0970797468851944
mul_spaS_154	0.0251396648044693	0.0917291045318979	0.103283416966297
mul_spaS_155	0.0223463687150838	0.0798912633089179	0.0935487790061961
mul_spaS_156	0.0307262569832403	0.0844151081774844	0.0912580980564665
mul_spaS_157	0.021978021978022	0.091884739782417	0.098750743604997
mul_spaS_158	0.0334261838440112	0.0840293778801844	0.0937032075025612
mul_spaS_159	0.0309859154929577	0.087463976945245	0.0956340137126646
mul_spaS_160	0.0306406685236769	0.0816638741167043	0.0923352578140554
mul_spaS_169	0.0147492625368731	0.0844781783681214	0.0927704958072132
mul_spaS_177	0.059322033898305	0.0876840696117804	0.0945410917816437
mul_spaS_179	0.0363128491620112	0.0937749112254511	0.103460479748329
ser_bal_001	0.409780775716695	0.172318339100346	0.165375918598078
ser_bal_002	0.24283305227656	0.137324486961889	0.125227126194244
ser_bal_003	0.212585034013605	0.134575249284997	0.119590850135597
ser_bal_005	0.282722513089005	0.133472286552416	0.124125976849404
ser_bal_006	0.174358974358974	0.138301158301158	0.123693175143898
ser_bal_007	0.188455008488964	0.127679331424592	0.116599621391387
ser_bal_008	0.138983050847458	0.134063560629435	0.121401531824985
ser_bal_009	0.269949066213922	0.130028569222454	0.121911037891269
ser_bal_010	0.154639175257732	0.129592466810744	0.118620567585108
ser_bal_011	0.195578231292517	0.132823365785814	0.122446569842957
ser_bal_012	0.111692844677138	0.13323029366306	0.120007059238779
ser_bal_013	0.193321616871705	0.131859638274849	0.12243993261814
ser_bal_014	0.0871021775544388	0.134817563388992	0.120191742147983
ser_bal_015	0.121951219512195	0.137709734786979	0.119546273594659
ser_bal_016	0.0975177304964538	0.133147761540246	0.119240073160658
ser_bal_017	0.133913043478261	0.134380318737428	0.122680078825848
ser_bal_018	0.331641285956007	0.13335391264084	0.120084890644344
ser_bal_019	0.119507908611599	0.136998996061472	0.120698798020269
ser_bal_020	0.235294117647059	0.134509712870521	0.121880885122411
ser_bal_021	0.148333333333333	0.137257927629041	0.121777725522471
ser_bal_022	0.320754716981132	0.132461097778122	0.121009100880443
ser_bal_023	0.147260273972603	0.132549686799165	0.118466076696165
ser_bal_024	0.186324786324786	0.136423329470838	0.120791320242939
ser_bal_025	0.120274914089347	0.130317092034029	0.116626119978639
ser_bal_026	0.19047619047619	0.134262485481998	0.119637354823418
ser_bal_027	0.242372881355932	0.134596057209122	0.119624407617814
ser_bal_028	0.205479452054795	0.1374246405936	0.123738262910798
ser_bal_029	0.0943396226415094	0.132757690232056	0.121261970507021
ser_bal_030	0.390492359932088	0.135108024691358	0.123864306784661
ser_bal_031	0.214162348877375	0.130272663714752	0.118365879956871
ser_bal_032	0.151618398637138	0.131576914162095	0.121471848677405
ser_bal_033	0.192893401015228	0.133049864708156	0.120496931242032
ser_bal_034	0.125211505922166	0.134331815023547	0.121103684864257
ser_bal_035	0.108843537414966	0.127448703058459	0.114928206953839
ser_bal_036	0.121052631578947	0.133919617372522	0.121954076850984
ser_bal_037	0.10958904109589	0.131947128391435	0.119046917798133
ser_bal_038	0.220367278797997	0.143165856293895	0.123330599812559
ser_bal_039	0.250420168067227	0.131353644427304	0.122947701132606
ser_bal_040	0.221837088388215	0.135041284049695	0.120564861591184
ser_bal_041	0.240484429065744	0.12909456118665	0.121718306527909
ser_bal_042	0.20265780730897	0.133857660575218	0.122280614192185
ser_bal_043	0.188679245283019	0.138578522656735	0.118175617567688
ser_bal_044	0.186125211505922	0.142086192275075	0.125651857246905
ser_bal_045	0.14853195164076	0.142934321216331	0.125189107413011
ser_bal_046	0.172839506172839	0.133761411109392	0.120260436614324
ser_bal_047	0.287625418060201	0.137803182450178	0.12441697761194
ser_bal_048	0.150847457627119	0.129590968839403	0.119671015650425
ser_bal_049	0.106830122591944	0.133534136546185	0.120323291697281
ser_bal_050	0.132110091743119	0.132541274494677	0.118668041844703
ser_bal_051	0.117948717948718	0.130330469777881	0.11714725561016
ser_bal_052	0.214532871972318	0.13160741885626	0.119664679142807
ser_bal_053	0.290102389078498	0.134136918559728	0.119951582427964
ser_bal_054	0.34017094017094	0.135565694841853	0.121662594565953
ser_bal_055	0.243654822335025	0.132916280506642	0.120623259671782
ser_bal_056	0.180579216354344	0.132184796044499	0.119322033898305
ser_bal_057	0.226190476190476	0.13697783954907	0.124101510928561
ser_bal_058	0.301694915254237	0.13130300693909	0.120546002481829
ser_bal_059	0.171929824561403	0.134230263666589	0.11849710982659
ser_bal_060	0.0927835051546392	0.13147933565083	0.118537720564409
ser_bal_061	0.269035532994924	0.129054734071379	0.117328519855596
ser_bal_062	0.11340206185567	0.135197775030902	0.121758137886217
ser_bal_063	0.340640809443508	0.131456851221775	0.1230273559858
ser_bal_064	0.301346801346801	0.135412645719138	0.126034931687195
ser_bal_065	0.194871794871795	0.133194186765615	0.119332307328045
ser_bal_066	0.209106239460371	0.132100294072125	0.119694773890154
ser_bal_067	0.210434782608696	0.130952380952381	0.120747046867175
ser_bal_068	0.153061224489796	0.130811479848379	0.118593142453164
ser_bal_070	0.251689189189189	0.136735639283508	0.122196124486201
ser_bal_072	0.195652173913043	0.135348946502702	0.112164199772287
ser_bal_073	0.0699300699300699	0.137366877604569	0.120531124232543
ser_bal_074	0.235294117647059	0.137596302003082	0.126835472308937
ser_bal_075	0.262981574539363	0.130156032751429	0.119120879120879
ser_bal_076	0.307823129251701	0.159972245779046	0.139502682743899
ser_bal_077	0.100854700854701	0.135502821365077	0.120503174229955
ser_bal_078	0.145051194539249	0.140421263791374	0.128043490833382
ser_bal_079	0.322033898305085	0.139263945683203	0.128417297739832
ser_bal_080	0.115449915110357	0.133930640302773	0.119506508072371
ser_bal_081	0.242424242424242	0.131432545201669	0.12220168412405
ser_bal_082	0.096551724137931	0.138348765432099	0.123628851581367
ser_bal_083	0.305084745762712	0.133420889987639	0.12409706047115
ser_bal_084	0.169204737732657	0.134811495673671	0.1182659808964
ser_bal_085	0.27563025210084	0.135780525502318	0.123353328628558
ser_bal_086	0.204081632653061	0.138176197836167	0.122245725365768
ser_bal_087	0.395309882747069	0.137877733982533	0.129956207835247
ser_bal_088	0.350847457627119	0.136721159777915	0.125799386771791
ser_bal_089	0.240901213171577	0.146859083191851	0.12996474050762
ser_bal_090	0.311973018549747	0.142120255600893	0.131130986728217
ser_bal_091	0.275510204081633	0.134984950219958	0.122017082978661
ser_bal_092	0.273031825795645	0.137159608115405	0.122437006834648
ser_bal_093	0.210801393728223	0.13574346720111	0.132298897509187
ser_bal_094	0.309364548494983	0.164602722867472	0.150352544888813
ser_bal_095	0.287179487179487	0.13475506104157	0.121197872277897
ser_bal_096	0.202037351443124	0.137332098193608	0.125786531651497
ser_bal_097	0.179180887372014	0.135162210063959	0.125280948072039
ser_bal_098	0.194207836456559	0.147971360381862	0.133042028402231
ser_bal_099	0.255536626916525	0.137701877752878	0.126084115480575
ser_bal_100	0.271214642262895	0.157027339237582	0.144351583375974
ser_bal_101	0.0899653979238755	0.132561728395062	0.123500885675291
ser_bal_102	0.241721854304636	0.155516206020479	0.139490482161176
ser_bal_103	0.145614035087719	0.1368299267258	0.122249174387001
ser_bal_104	0.292436974789916	0.134109662990669	0.127755876770331
ser_bal_105	0.284497444633731	0.131146275569278	0.12350994347304
ser_bal_106	0.217687074829932	0.129593810444874	0.117883892359158
ser_bal_107	0.135678391959799	0.141358024691358	0.128140338648311
ser_bal_108	0.216806722689076	0.131682480907197	0.122571395131086
ser_bal_109	0.225969645868465	0.136619609658258	0.127302938432836
ser_bal_110	0.267702936096718	0.137707448861443	0.127170164260244
ser_bal_111	0.261666666666667	0.135103836948969	0.126734693877551
ser_bal_112	0.247038917089679	0.141525423728814	0.127771666763156
ser_bal_113	0.293918918918919	0.136682874122096	0.124718674188174
ser_bal_114	0.286195286195286	0.140260340445198	0.130869855265829
ser_bal_115	0.260797342192691	0.150184558597355	0.138155453429624
ser_bal_116	0.261157024793388	0.13114248245005	0.123383636416708
ser_bal_117	0.101221640488656	0.137704156668473	0.123382556665782
ser_bal_118	0.139575971731449	0.133672918113761	0.121666715884594
ser_bal_119	0.169230769230769	0.138550501156515	0.126016852785958
ser_bal_120	0.220136518771331	0.13539816173631	0.120786846741045
ser_bal_121	0.216528925619835	0.153128853267571	0.140942843324134
ser_bal_122	0.202054794520548	0.135049718646419	0.123629345887307
ser_bal_123	0.349662162162162	0.136349598517603	0.125645388406477
ser_bal_124	0.208849557522124	0.132255068874787	0.117713303499985
ser_bal_125	0.244367417677643	0.139868776534157	0.122828164045274
ser_bal_126	0.256272401433692	0.138411518810961	0.121700011838523
ser_bal_127	0.204697986577181	0.134723831595211	0.126404082470599
ser_bal_128	0.265442404006678	0.155771155771156	0.141348520405243
ser_bal_129	0.122923588039867	0.143649387660787	0.132781276057391
ser_bal_130	0.174358974358974	0.131672323356989	0.120971754719742
ser_bal_131	0.239795918367347	0.137233714109293	0.121431714830571
ser_bal_133	0.163851351351351	0.137236750752141	0.122640676069609
ser_bal_134	0.208620689655172	0.132071097372488	0.119036372224847
ser_bal_135	0.212435233160622	0.134941430332922	0.126604705198954
ser_bal_136	0.114671163575042	0.136819373746722	0.122611185786921
ser_bal_137	0.192691029900332	0.141369736233225	0.129936820240602
ser_bal_138	0.158088235294118	0.125829883621026	0.107713625866051
ser_bal_139	0.309314586994728	0.135791991358691	0.124720818149759
ser_bal_140	0.184397163120567	0.13449660284126	0.120729870973457
ser_bal_141	0.285714285714286	0.132052172570811	0.122483172158373
ser_bal_142	0.23356401384083	0.130020896215463	0.118738021524399
ser_bal_143	0.209813874788494	0.127431305958629	0.120583515681984
ser_bal_144	0.242685025817556	0.13689005558987	0.124516129032258
ser_bal_145	0.279661016949153	0.135135135135135	0.123341941542435
ser_bal_146	0.116161616161616	0.129733898958735	0.118097256564229
ser_bal_147	0.352445193929174	0.132349532565866	0.119991763252339
ser_bal_148	0.208620689655172	0.132669599444316	0.122048854604956
ser_bal_149	0.240270727580372	0.135980839063586	0.122884473877851
ser_bal_150	0.150684931506849	0.133034956400957	0.120240127126126
ser_bal_151	0.306759098786828	0.1328082773531	0.124808440410232
ser_bal_152	0.223350253807107	0.132694832779795	0.122759146788722
ser_bal_153	0.232323232323232	0.132638888888889	0.122253071833648
ser_bal_154	0.229452054794521	0.13404452690167	0.121498352165725
ser_bal_155	0.219683655536028	0.136169552053412	0.115120067575721
ser_bal_156	0.263157894736842	0.133153222693941	0.119665858574057
ser_bal_157	0.328308207705193	0.135472920845549	0.12416304475508
ser_bal_158	0.194055944055944	0.135253793422167	0.122337312734082
ser_bal_159	0.275167785234899	0.148236562451871	0.134126226234916
ser_bal_160	0.25503355704698	0.15001155713075	0.136174516035828
ser_bal_161	0.229342327150084	0.129522487078608	0.12254887678098
ser_bal_162	0.158163265306122	0.131257725587145	0.118910455257172
ser_bal_163	0.227191413237925	0.132716049382716	0.122935298744429
ser_bal_164	0.2	0.136135750096413	0.121639824304539
ser_bal_165	0.133574007220217	0.128425452856479	0.116451237350369
ser_bal_166	0.227891156462585	0.137307900223956	0.12317406739219
ser_bal_167	0.209380234505863	0.136787724573984	0.124423694193172
ser_bal_168	0.245283018867924	0.133194508715101	0.118894904083794
ser_bal_169	0.265993265993266	0.134201803746242	0.123992706311393
ser_bal_170	0.122837370242215	0.138852421036374	0.123827171387394
ser_bal_171	0.120353982300885	0.13527278339378	0.121272716579427
ser_bal_172	0.237024221453287	0.130011587485516	0.117884740163983
ser_bal_173	0.160621761658031	0.128740431454419	0.118182897157439
ser_bal_174	0.234295415959253	0.132756355768488	0.125212797182272
ser_bal_175	0.190152801358234	0.138127941970831	0.123478515911424
ser_bal_176	0.238175675675676	0.135285482500193	0.12335497455694
ser_bal_178	0.247018739352641	0.132421150278293	0.118473300539323
ser_bal_179	0.0830508474576271	0.133431198331144	0.117546597567798
ser_bal_180	0.166095890410959	0.161568687880422	0.143151980737259
ser_bal_181	0.21247892074199	0.137832405689549	0.122380602498163
ser_bal_182	0.129824561403509	0.134337582078022	0.119870664315109
ser_bal_183	0.167521367521367	0.132539437055367	0.118861377403988
ser_bal_184	0.165820642978003	0.137574307110322	0.123991044600247
ser_bal_185	0.111304347826087	0.131029684601113	0.118850275294536
ser_bal_186	0.0952380952380952	0.126922779624333	0.115254839282543
ser_bal_187	0.177700348432056	0.131761978361669	0.118470699209999
ser_bal_188	0.0964467005076142	0.131855399351151	0.11811371947623
ser_bal_189	0.298157453936348	0.135329064115423	0.127019972431592
ser_bal_190	0.253401360544218	0.13039457459926	0.121176435952542
ser_bal_191	0.319397993311037	0.18109812365426	0.165864840389405
ser_bal_192	0.179930795847751	0.131971841881334	0.120886897039745
ser_bal_193	0.243611584327087	0.133647313156269	0.12186633634165
ser_bal_194	0.208547008547009	0.133549984524915	0.117165242165242
ser_bal_195	0.3	0.130676552363299	0.121970588235294
ser_bal_196	0.133448873483536	0.132110517761783	0.119140856769906
ser_bal_197	0.146757679180887	0.13605758068261	0.116209862214683
ser_bal_198	0.12216404886562	0.13185368494316	0.119965774643732
ser_bal_199	0.316151202749141	0.136283049410314	0.127372145384368
ser_bal_200	0.325423728813559	0.134262485481998	0.122518802536499
ser_bal_201	0.140350877192982	0.132884972170687	0.117452244366905
ser_bal_202	0.280550774526678	0.131955730980574	0.119818268202874
ser_bal_203	0.347826086956522	0.12831004400525	0.12509258984919
ser_bal_204	0.242372881355932	0.127654645146343	0.118270391193006
ser_bal_205	0.156996587030717	0.141577890998919	0.124894194565249
ser_fra_028	0.236706689536878	0.13430183138861	0.122279336172713
ser_fra_029	0.180272108843537	0.138597033374536	0.125625946197741
ser_fra_030	0.110183639398998	0.13363235635295	0.115906543158888
ser_fra_031	0.129203539823009	0.134357153881772	0.123714369673817
ser_fra_032	0.193708609271523	0.137377479354789	0.123893288139555
ser_fra_033	0.172231985940246	0.132612055641422	0.119012418687167
ser_fra_034	0.181512605042017	0.13257663500888	0.1199562828617
ser_fra_035	0.176678445229682	0.131150085363961	0.11437301539752
ser_fra_036	0.229310344827586	0.134286818708929	0.120947337452192
ser_fra_037	0.293515358361775	0.136086453106908	0.124956052970819
ser_fra_038	0.271043771043771	0.138779603486847	0.127670000864778
ser_fra_039	0.229591836734694	0.133333333333333	0.119144932223823
ser_fra_040	0.212121212121212	0.13692402527354	0.123717596740167
ser_fra_041	0.232715008431703	0.137795275590551	0.120171926519077
ser_fra_042	0.234505862646566	0.1421076994291	0.128583033538354
ser_fra_043	0.254700854700855	0.129702587871765	0.121856525191917
ser_fra_044	0.226130653266332	0.142581590926626	0.12838111786852
ser_fra_045	0.118811881188119	0.138207619929045	0.121809407523693
ser_fra_046	0.13458262350937	0.138167527163443	0.126988258430216
ser_fra_047	0.229591836734694	0.128743439333127	0.118016821602479
ser_fra_048	0.219554030874786	0.136314572089437	0.122135621916689
ser_fra_049	0.200680272108844	0.135819627827967	0.118555943953236
ser_fra_050	0.119929453262787	0.135097600493789	0.118972576511827
ser_fra_051	0.109734513274336	0.134613895128185	0.117699403790823
ser_fra_052	0.220103986135182	0.135250019321431	0.121669626998224
ser_fra_053	0.196943972835314	0.13048846361602	0.118792084448234
ser_fra_054	0.11443661971831	0.134002315708221	0.120542795042002
ser_fra_055	0.205733558178752	0.134358340415669	0.117863124797978
ser_fra_056	0.177777777777778	0.133601050274152	0.119932978629589
ser_fra_057	0.212328767123288	0.134186781830801	0.119611059044049
ser_fra_058	0.184745762711864	0.132463118869236	0.121296023564065
ser_fra_059	0.113274336283186	0.135264580919274	0.119307699065804
ser_fra_060	0.167832167832168	0.12937360006179	0.120760594839241
ser_fra_061	0.13884007029877	0.138760407030527	0.124513392597757
ser_fra_062	0.259322033898305	0.132777520457002	0.121498620001175
ser_fra_063	0.0981067125645438	0.13137330754352	0.116590202752701
ser_fra_064	0.162116040955631	0.130690161527166	0.118293471234648
ser_fra_065	0.357638888888889	0.135932804192032	0.127944341263524
ser_fra_066	0.0856164383561644	0.129941321803582	0.117501473187979
ser_fra_067	0.073170731707317	0.129483611626469	0.119233834076085
ser_fra_068	0.115658362989324	0.13541828340835	0.114497405285419
ser_fra_069	0.210616438356164	0.13181888425282	0.117308543603364
ser_fra_070	0.197301854974705	0.133513513513513	0.118258973301114
ser_fra_071	0.181500872600349	0.131749460043197	0.117825128581925
ser_MEDIT_001	0.343283582089552	0.176900023053869	0.168605147163373
ser_MEDIT_004	0.320338983050847	0.131152599907422	0.124120737245125
ser_MEDIT_005	0.0923076923076923	0.165269553180035	0.150483469399572
ser_MEDIT_008	0.244519392917369	0.146927460341907	0.139897876291053
ser_MEDIT_009	0.110738255033557	0.147002231971061	0.130718203486202
ser_MEDIT_010	0.148900169204738	0.147754410291965	0.133583737133354
ser_MEDIT_011	0.461157024793388	0.136668465274031	0.134417014371813
ser_MEDIT_012	0.0963222416812609	0.136251350934074	0.12312005373361
ser_MEDIT_016	0.191103789126853	0.148932891594114	0.133576705280405
ser_MEDIT_017	0.222984562607204	0.145349285989965	0.128487561032318
ser_MEDIT_018	0.153169014084507	0.142989356779269	0.127505193247316
ser_MEDIT_019	0.184818481848185	0.183292345527206	0.167008917269121
ser_MEDIT_020	0.188135593220339	0.133389908964666	0.117261922316926
ser_MEDIT_021	0.190068493150685	0.130995597435699	0.119108750184447
ser_MEDIT_023	0.163879598662207	0.137444050007717	0.124092930711611
ser_MEDIT_024	0.195121951219512	0.129366306027821	0.115488766552596
ser_MEDIT_025	0.227350427350427	0.129084588644264	0.11816056579765
ser_MEDIT_026	0.203735144312394	0.133451957295374	0.119734513274336
ser_MEDIT_027	0.140540540540541	0.135730858468677	0.122689423020138
ser_MEDIT_028	0.189509306260575	0.133018648920529	0.117100591715976
ser_MEDIT_029	0.0590219224283305	0.137121680049413	0.121030294160691
ser_MEDIT_030	0.242784380305603	0.136458253025981	0.125979225903789
ser_MEDIT_031	0.234295415959253	0.130740140464614	0.119465256353753
ser_MEDIT_032	0.205733558178752	0.137891166949283	0.122500581260172
ser_MEDIT_033	0.172649572649573	0.129874140992974	0.116910352975927
ser_MEDIT_034	0.123022847100176	0.137180773088496	0.123088640224969
ser_MEDIT_035	0.11686143572621	0.135189481825213	0.121215687428286
ser_MEDIT_036	0.345955249569707	0.128917434032345	0.117570176741423
ser_spaAL_001	0.430976430976431	0.137422839506173	0.129642627361525
ser_spaAL_002	0.168896321070234	0.145177430528828	0.13561663548712
ser_spaAL_003	0.221052631578947	0.134841000308737	0.120571546173522
ser_spaAL_004	0.223549488054608	0.133204633204633	0.120545845736685
ser_spaAL_006	0.136442141623489	0.136131330339167	0.117862459065198
ser_spaAL_008	0.131868131868132	0.126842270304171	0.107313171091899
ser_spaAL_009	0.253424657534247	0.134338747099768	0.117418512916333
ser_spaAL_010	0.182432432432432	0.143651099961405	0.125925709953933
ser_spaAL_012	0.0764006791171478	0.136069114470842	0.118496433999766
ser_spaAL_017	0.227979274611399	0.12832985869817	0.121028880866426
ser_spaAL_019	0.241496598639456	0.141302670165149	0.123840281855549
ser_spaAL_020	0.223140495867769	0.178868040602891	0.166144025086796
ser_spaAL_021	0.162872154115587	0.141997686077902	0.128752618105655
ser_spaAL_022	0.361486486486487	0.131589102415683	0.122833348047438
ser_spaAL_023	0.33276740237691	0.140315594059406	0.127302339354457
ser_spaAL_024	0.303182579564489	0.137835337650324	0.124963512172339
ser_spaAL_025	0.160211267605634	0.132705809736903	0.125091312859773
ser_spaAL_026	0.145547945205479	0.141696331837177	0.123942582603826
ser_spaAL_027	0.238175675675676	0.132477971865822	0.118986229123938
ser_spaAL_028	0.344827586206897	0.135201914910046	0.129868982776387
ser_spaAL_029	0.250431778929188	0.138828800988875	0.122585021974457
ser_spaAL_030	0.217616580310881	0.142052903524331	0.134116157255511
ser_spaAL_032	0.0845070422535211	0.13384734001542	0.117515652097234
ser_spaAL_033	0.317725752508361	0.138616914655771	0.128400277809932
ser_spaAL_034	0.121951219512195	0.136058100903964	0.122041420118343
ser_spaAL_035	0.185441941074523	0.1326656394453	0.124945568554591
ser_spaAL_037	0.0869565217391305	0.125627752453063	0.120836232717151
ser_spaAL_038	0.308747855917667	0.1417444281638	0.134718498659517
ser_spaAL_040	0.0894454382826476	0.12321095208463	0.110426043529194
ser_spaAL_041	0.0879310344827586	0.132159950594411	0.122004357298475
ser_spaAL_042	0.0818815331010453	0.135616755380699	0.125189416015853
ser_spaAL_043	0.312393887945671	0.137678364828384	0.122771927760457
ser_spaAL_044	0.305410122164049	0.131224868543149	0.121530067749865
ser_spaAL_045	0.149579831932773	0.137086808773556	0.125098210388477
ser_spaAL_046	0.199658703071672	0.137680599551881	0.123197979975924
ser_spaAL_048	0.383050847457627	0.133657632615242	0.125985874043555
ser_spaAL_050	0.342059336823735	0.134141632558499	0.126076950312758
ser_spaAL_051	0.235593220338983	0.133179012345679	0.121779722830051
ser_spaAL_054	0.0842105263157895	0.125745257452574	0.11752633326291
ser_spaAL_059	0.173310225303293	0.127953667953668	0.121203070398136
ser_spaAL_061	0.0961538461538461	0.130495356037152	0.117916098742996
ser_spaAL_065	0.201709401709402	0.136194895591647	0.119968313578218
ser_spaAL_066	0.271331058020478	0.138764478764479	0.126706733574513
ser_spaAL_067	0.337455830388693	0.133734846729982	0.125840906408592
ser_spaAL_071	0.316780821917808	0.134761094788928	0.121714218205446
ser_spaAL_072	0.180579216354344	0.133055169216504	0.118501393087913
ser_spaAL_073	0.245250431778929	0.139034546576188	0.123359733465821
ser_spaAL_074	0.154237288135593	0.127296587926509	0.117920066217335
ser_spaAL_075	0.52013422818792	0.137534711508794	0.129494712103408
ser_spaN_037	0.10472972972973	0.138906056860321	0.1235548289151
ser_spaN_038	0.193548387096774	0.137030743086668	0.125557380896503
ser_spaN_039	0.205831903945112	0.132473350841959	0.119923201890415
ser_spaS_002	0.117957746478873	0.129759789912721	0.119832469567314
ser_spaS_003	0.107205623901582	0.132860118817992	0.123271682528282
ser_spaS_004	0.113274336283186	0.12202496317544	0.115010815586631
ser_spaS_005	0.397111913357401	0.135563108295999	0.125213380851128
ser_spaS_007	0.0693950177935944	0.129294966260762	0.115111888755871
ser_spaS_008	0.045045045045045	0.132071097372488	0.11670668328116
ser_spaS_009	0.0577933450087565	0.127809641915982	0.115895151200757
ser_spaS_010	0.0895008605851979	0.132931912922649	0.123353007810171
ser_spaS_011	0.354409317803661	0.137079345476999	0.126613762880493
ser_spaS_012	0.482233502538071	0.135497802113056	0.128309093580138
ser_spaS_013	0.058303886925795	0.121556793562365	0.113410874011662
ser_spaS_014	0.252173913043478	0.132652271496014	0.11940027809685
ser_spaS_015	0.0724381625441696	0.129207383279044	0.116828419703351
ser_spaS_016	0.174067495559503	0.130102040816326	0.119568817560447
ser_spaS_017	0.306479859894921	0.139973706596551	0.125833506208695
ser_spaS_018	0.208904109589041	0.134131274131274	0.124566859173701
ser_spaS_019	0.0795847750865052	0.135306390541689	0.125406437371357
ser_spaS_020	0.148342059336824	0.125956263039951	0.119194533907233
ser_spaS_021	0.0877796901893287	0.137397493424106	0.118547410099577
ser_spaS_022	0.0670194003527337	0.132559039876113	0.118550443122496
ser_spaS_023	0.0577617328519856	0.130875077303649	0.11498640930886
ser_spaS_024	0.388984509466437	0.138109191856878	0.133590801369262
ser_spaS_025	0.133099824868651	0.133843655764324	0.119404754846742
ser_spaS_026	0.428082191780822	0.135678391959799	0.126923076923077
ser_spaS_027	0.262350936967632	0.121777502516064	0.115281419598756
ser_spaS_028	0.100502512562814	0.137398687765342	0.120061282814295
ser_spaS_029	0.242320819112628	0.132998454404946	0.119380943942347
ser_spaS_030	0.0575916230366492	0.125675467037209	0.117285253414539
ser_spaS_031	0.121478873239437	0.12737819025522	0.11981160741416
ser_spaS_032	0.0593368237347295	0.130595862920655	0.120645354048402
ser_spaS_033	0.181184668989547	0.132869296210363	0.119268831522562
ser_spaS_034	0.115384615384615	0.20638216070742	0.187865686698372
ser_spaS_035	0.101604278074866	0.129166988939593	0.115184845707302
ser_spaS_036	0.0573913043478261	0.121550387596899	0.11265493496557
ser_spaS_037	0.06282722513089	0.13137103020914	0.11723739431908
ser_spaS_039	0.119429590017825	0.123744009893337	0.115087421593285
ser_spaS_040	0.0591304347826087	0.128780261427798	0.119279029879939
ser_spaS_041	0.0864197530864198	0.12197768133912	0.110656368280149
ser_spaS_042	0.0584070796460177	0.123286610392628	0.111961781098793
ser_spaS_043	0.226510067114094	0.135431127564399	0.124480362801244
ser_spaS_044	0.110544217687075	0.135648148148148	0.122483171278983
ser_spaS_045	0.228813559322034	0.12963967454475	0.1156379093576
ser_spaS_046	0.0661896243291592	0.127555762081784	0.11483268291184
ser_spaS_047	0.118760757314974	0.136587999383002	0.123413464350471
ser_spaS_048	0.204081632653061	0.137811367317036	0.118914792412943
ser_spaS_049	0.252086811352254	0.169578939265645	0.150230547550432
ser_spaS_050	0.306020066889632	0.136209553158706	0.12916885695929
ser_spaS_051	0.0749128919860628	0.128280333436246	0.119676791859943
ser_spaS_052	0.217391304347826	0.132348391089109	0.123236377797082
ser_spaS_053	0.0774647887323944	0.124178458207686	0.113170045561569
ser_spaS_054	0.0508771929824562	0.130639678615575	0.121667867435158
ser_spaS_055	0.187393526405451	0.13733045622688	0.127625014502843
ser_spaS_056	0.101423487544484	0.135874196297157	0.120965043049682
ser_spaS_057	0.0623916811091855	0.127011138613861	0.115707251838794
ser_spaS_058	0.198275862068966	0.127362875735978	0.118160476735087
ser_spaS_059	0.176991150442478	0.126230906412344	0.113886601396895
ser_spaS_060	0.107081174438687	0.126488325344054	0.112965111091282
ser_spaS_061	0.306878306878307	0.129765679375145	0.1218415610107
ser_spaS_062	0.0709219858156028	0.1241197864273	0.115537848605578
ser_spaS_063	0.0696864111498258	0.126850058117009	0.11483137183347
ser_spaS_064	0.110526315789474	0.127545883992875	0.117864884393064
ser_spaS_065	0.0870337477797514	0.126915338182944	0.115124771758978
ser_spaS_066	0.0584070796460177	0.127430474862499	0.111997055937193
ser_spaS_067	0.0638297872340425	0.123752031576503	0.116839433691099
ser_spaS_068	0.230769230769231	0.136254733750676	0.120198526094149
ser_spaS_070	0.257240204429302	0.131862175764615	0.119966164164225
ser_spaS_071	0.0680628272251309	0.128411287205257	0.116894587762312
ser_spaS_072	0.0625	0.130690161527166	0.115221454211042
ser_spaS_073	0.358714043993232	0.13544245049505	0.124757961214215
ser_spaS_074	0.218018018018018	0.129256965944272	0.118278291370649
ser_spaS_075	0.321917808219178	0.131907308377897	0.117990373044525
ser_spaS_076	0.206293706293706	0.129833825128125	0.115164035520474
ser_spaS_077	0.118260869565217	0.130404570722668	0.117434589935045
ser_spaS_078	0.0959860383944153	0.126856435643564	0.117447324541458
ser_spaS_079	0.0440917107583775	0.124574171570146	0.114989045764362
ser_spaS_080	0.0824561403508772	0.125386757425743	0.118739244633638
ser_spaS_081	0.0898100172711571	0.13416801916686	0.120026346516571
ser_spaS_082	0.143103448275862	0.135419080726149	0.120633042449342
ser_spaS_083	0.16	0.1285140562249	0.121510821727859
ser_spaS_084	0.178010471204188	0.124263108904747	0.111298637535289
ser_spaS_085	0.236706689536878	0.132371102192035	0.121542748203549
ser_spaS_086	0.259762308998302	0.136855112758727	0.119325703862787
ser_spaS_087	0.0826306913996627	0.134151992585728	0.121172044906836
ser_spaS_088	0.211148648648649	0.125106317173123	0.117926943114404
ser_spaS_089	0.270506108202443	0.13033065512979	0.122737860598459
ser_spaS_090	0.0714285714285714	0.133637700224406	0.119638415337014
ser_spaS_091	0.394295302013423	0.135468930914705	0.126520320379709
ser_spaS_092	0.083916083916084	0.124796905222437	0.113534336326134
ser_spaS_093	0.103756708407871	0.12708849009901	0.116735411864612
ser_spaS_094	0.138698630136986	0.13187408152216	0.122563684162814
ser_spaS_095	0.0755711775043937	0.128643216080402	0.118318645710306
ser_spaS_096	0.21025641025641	0.131933684536721	0.11513079667063
ser_spaS_097	0.320404721753794	0.135427116289837	0.125114128353901
ser_spaS_098	0.0856643356643356	0.13051882780484	0.11987915407855
ser_spaS_099	0.174216027874564	0.131885961523604	0.120413498812994
ser_spaS_100	0.072289156626506	0.121139407074851	0.115201755455321
ser_spaS_101	0.0893169877408057	0.129489164086687	0.117552040474231
ser_spaS_102	0.114638447971781	0.1258114374034	0.116174504800097
ser_spaS_103	0.165186500888099	0.128302178279005	0.115286469408834
ser_spaS_104	0.296666666666667	0.139839654640765	0.127084430401966
ser_spaS_105	0.166947723440135	0.131485484867202	0.12035222186467
ser_spaS_106	0.404145077720207	0.136423228194648	0.129384164222874
ser_spaS_107	0.185810810810811	0.132571957712787	0.118792201338751
ser_spaS_108	0.203045685279188	0.133214782743158	0.120044700623456
ser_spaS_109	0.242735042735043	0.13410583236771	0.123303800076531
ser_spaS_110	0.168634064080944	0.135320923766123	0.117935901205528
ser_spaS_111	0.231028667790894	0.129468076893384	0.12266191255553
ser_spaS_112	0.43304347826087	0.138867458725505	0.130043006348556
ser_spaS_113	0.0799289520426287	0.12825666795516	0.113778800448091
ser_spaS_114	0.0629370629370629	0.12742746615087	0.112923844889511
ser_spaS_116	0.232876712328767	0.129598145285935	0.121163833805477
ser_spaS_117	0.0623885918003565	0.121179208688906	0.111213545988138
ser_spaS_121	0.295492487479132	0.137040178915709	0.124675324675325
ser_spaS_122	0.414089347079038	0.13614262560778	0.130320639509159
ser_spaS_123	0.120629370629371	0.13019305019305	0.118927822701408
ser_spaS_124	0.0626086956521739	0.128284389489954	0.116557569907393
ser_spaS_125	0.125886524822695	0.133271490414348	0.120789574324126
ser_spaS_126	0.51158940397351	0.140234495526072	0.131226503759398
ser_spaS_127	0.198979591836735	0.181552651806303	0.168550608216663
ser_spaS_128	0.373720136518771	0.132477971865822	0.124959149113164
ser_spaS_129	0.158928571428571	0.127579012441079	0.115913080322014
ser_spaS_130	0.209705372616984	0.131646157418156	0.121305821490159
ser_spaS_131	0.182624113475177	0.128855221457834	0.117291450585272
ser_spaS_132	0.204861111111111	0.124092103229794	0.120358437977643
ser_spaS_133	0.196864111498258	0.131341209173037	0.121517416610039
ser_spaS_135	0.282352941176471	0.139306938334491	0.129613809762277
ser_spaS_136	0.139414802065404	0.135608927330296	0.117897393754402
ser_spaS_137	0.518394648829431	0.14159155689084	0.129867088237016
ser_spaS_138	0.0602836879432624	0.130898963329723	0.114232495648722
ser_spaS_139	0.0483592400690847	0.127293844367015	0.114706061900983
ser_spaS_140	0.0520833333333334	0.127944823310601	0.115680608365019
ser_spaS_141	0.0480274442538593	0.131912264442385	0.118110709987966
ser_spaS_142	0.0472027972027972	0.128199180391247	0.118417083911444
ser_spaS_143	0.340640809443508	0.138599335958613	0.126517857142857
ser_spaS_144	0.120661157024793	0.135308184833758	0.123858581128541
ser_spaS_145	0.186006825938567	0.131583011583012	0.121539280643635
ser_spaS_146	0.345008756567426	0.136033950617284	0.128406055209261
ser_spaS_147	0.291311754684838	0.134893058451085	0.12165191740413
ser_spaS_148	0.071301247771836	0.128617861012227	0.115101792768156
ser_spaS_149	0.238341968911917	0.129502506748939	0.123684054005829
ser_spaS_150	0.128070175438596	0.129360913862303	0.119171608320038
ser_spaS_151	0.363327674023769	0.163972286374134	0.146648364218714
ser_spaS_152	0.29421768707483	0.131973419873281	0.120535188023105
ser_spaS_153	0.197231833910035	0.139804027467016	0.130497668103194